500	2500
1	0	1	0.974
2	1	1	0.867
3	2	1	0.863
4	1	1	0.963
5	2	0	0.0108
6	0	1	0.865
7	4	0	0.0119
8	1	0	0.00402
9	3	1	0.857
10	3	1	0.842
11	0	1	0.877
12	11	1	0.905
13	8	1	0.998
14	1	1	0.906
15	1	1	0.852
16	11	1	0.964
17	11	1	0.996
18	2	1	0.814
19	15	1	1
20	14	0	0.0119
21	11	1	0.932
22	16	1	0.841
23	17	1	0.938
24	3	1	0.848
25	17	1	0.959
26	3	1	0.921
27	18	1	0.804
28	2	1	0.998
29	9	1	0.997
30	13	1	0.826
31	18	1	0.844
32	3	0	0.00752
33	7	1	0.978
34	1	0	0.0112
35	32	0	0.0116
36	4	1	0.951
37	1	1	0.888
38	12	1	0.941
39	33	1	0.85
40	7	1	0.965
41	2	1	0.938
42	15	1	0.841
43	29	1	0.963
44	28	1	0.873
45	36	1	0.96
46	22	1	0.845
47	42	0	0.00332
48	38	0	0.00872
49	5	1	0.861
50	18	1	0.895
51	50	1	0.874
52	11	1	0.801
53	10	0	0.0106
54	26	1	0.875
55	52	1	0.937
56	43	1	0.937
57	12	1	0.999
58	9	1	0.808
59	51	1	0.947
60	41	1	0.981
61	25	1	0.935
62	25	1	0.804
63	33	1	0.905
64	58	1	0.859
65	25	1	0.8
66	4	1	0.94
67	62	1	0.917
68	36	1	0.855
69	11	1	0.915
70	46	1	0.936
71	58	1	0.816
72	26	1	0.836
73	29	1	0.969
74	19	1	0.843
75	0	0	0.00468
76	67	1	0.857
77	50	1	0.895
78	23	1	0.932
79	32	1	0.991
80	77	1	0.981
81	63	1	0.971
82	21	0	0.00941
83	59	1	0.961
84	54	1	0.815
85	70	1	0.905
86	74	1	0.841
87	86	1	0.933
88	39	1	0.939
89	31	1	0.899
90	8	0	0.00388
91	9	1	0.817
92	43	1	0.992
93	21	1	0.964
94	48	1	0.989
95	47	1	0.94
96	92	0	0.00464
97	94	1	0.979
98	74	1	0.993
99	33	1	0.996
100	48	0	0.0113
101	92	1	0.844
102	39	0	0.00605
103	32	0	0.0055
104	23	1	0.982
105	62	1	0.951
106	76	1	0.975
107	91	1	0.964
108	2	1	0.96
109	107	1	0.813
110	64	1	0.897
111	32	1	0.947
112	28	1	0.828
113	36	1	0.884
114	89	1	0.909
115	102	1	0.813
116	95	1	0.895
117	95	1	0.933
118	73	1	0.97
119	11	1	0.85
120	104	1	0.847
121	26	1	0.924
122	102	1	0.91
123	1	1	0.834
124	18	1	0.893
125	99	1	0.983
126	82	1	0.826
127	20	1	0.943
128	32	0	0.0101
129	19	1	0.92
130	39	1	0.977
131	78	1	0.965
132	82	1	0.979
133	66	1	0.945
134	103	1	0.908
135	128	1	0.822
136	40	1	0.842
137	75	1	0.999
138	112	1	0.879
139	36	1	0.954
140	101	1	0.982
141	120	1	0.977
142	35	0	0.00179
143	14	0	0.0122
144	43	1	0.986
145	68	0	0.00302
146	73	1	0.967
147	6	0	0.00639
148	26	1	0.908
149	66	0	0.00888
150	92	1	0.97
151	129	1	0.853
152	90	0	0.00567
153	87	1	0.908
154	88	1	0.816
155	145	1	0.882
156	57	1	0.812
157	117	1	0.865
158	47	1	0.871
159	15	0	0.00214
160	33	1	0.955
161	77	1	0.861
162	40	1	0.962
163	119	1	0.818
164	82	1	0.954
165	94	0	0.0106
166	48	1	0.888
167	55	1	0.856
168	132	1	0.814
169	8	1	0.946
170	52	1	0.843
171	11	1	0.986
172	94	1	0.809
173	125	1	0.872
174	154	1	0.986
175	103	1	0.987
176	63	1	0.925
177	134	1	0.904
178	81	1	0.918
179	119	1	0.839
180	36	1	0.938
181	125	0	0.00416
182	65	1	0.969
183	31	1	0.844
184	124	1	0.92
185	168	1	0.997
186	144	1	0.937
187	19	1	0.972
188	87	1	0.868
189	133	1	0.871
190	7	1	0.952
191	180	1	0.997
192	20	1	0.899
193	182	1	0.991
194	58	1	0.89
195	69	1	0.976
196	46	1	0.983
197	188	1	0.938
198	129	1	0.891
199	60	0	0.012
200	20	0	0.0116
201	40	0	0.00446
202	88	1	0.935
203	89	1	0.847
204	2	1	0.942
205	146	1	0.968
206	117	1	0.937
207	181	1	0.9
208	203	1	0.914
209	41	1	0.991
210	98	1	0.924
211	53	1	0.859
212	59	1	0.966
213	12	1	0.901
214	191	1	0.925
215	117	1	0.855
216	48	1	0.911
217	87	1	0.931
218	193	1	0.863
219	98	0	0.00498
220	209	1	0.953
221	67	1	0.827
222	192	1	0.936
223	137	1	0.866
224	53	1	0.998
225	137	1	0.877
226	164	1	0.929
227	121	1	0.979
228	34	1	0.813
229	197	1	0.87
230	112	0	0.00668
231	203	1	0.84
232	188	0	0.00182
233	198	1	0.865
234	185	1	0.816
235	16	1	0.919
236	131	1	0.963
237	103	1	0.81
238	198	1	0.948
239	14	1	0.954
240	39	1	0.902
241	158	0	0.00389
242	54	1	0.827
243	112	1	0.95
244	103	1	0.944
245	158	1	0.896
246	40	1	0.864
247	66	1	0.916
248	119	1	0.802
249	143	1	0.959
250	161	1	0.841
251	98	1	0.909
252	64	1	0.936
253	56	1	0.892
254	190	1	0.937
255	68	1	0.991
256	95	1	0.802
257	16	1	0.998
258	199	1	0.952
259	38	1	0.803
260	80	1	0.846
261	42	0	0.00442
262	1	1	0.909
263	210	1	0.832
264	11	0	0.00755
265	134	1	0.818
266	243	1	0.935
267	148	1	0.997
268	38	1	0.911
269	16	1	0.893
270	183	1	0.911
271	70	1	0.872
272	162	0	0.00707
273	204	1	0.818
274	9	1	0.997
275	233	1	0.934
276	274	1	0.966
277	261	1	0.904
278	243	1	0.817
279	196	0	0.00284
280	193	0	0.00337
281	60	1	0.915
282	136	1	0.835
283	95	1	0.836
284	219	0	0.00799
285	264	1	0.925
286	279	1	0.888
287	275	1	0.863
288	104	1	0.928
289	178	1	0.933
290	31	1	0.813
291	198	1	0.849
292	14	1	0.816
293	10	1	0.94
294	94	1	0.963
295	90	1	0.938
296	5	1	0.939
297	220	1	0.857
298	211	0	0.00721
299	139	1	0.971
300	208	1	0.913
301	119	1	0.898
302	93	1	0.933
303	42	1	0.901
304	8	1	0.802
305	223	1	0.811
306	230	1	0.956
307	145	1	0.88
308	16	1	0.991
309	181	1	0.897
310	224	1	0.811
311	14	0	0.00862
312	79	1	0.852
313	237	1	0.992
314	232	1	0.951
315	258	1	0.998
316	314	1	0.935
317	228	1	0.948
318	30	1	0.885
319	147	1	0.888
320	186	1	0.861
321	133	1	0.843
322	20	1	0.881
323	272	1	0.936
324	26	0	0.00439
325	213	1	0.807
326	309	0	0.011
327	177	1	0.976
328	260	1	0.879
329	21	1	0.963
330	242	0	0.0112
331	157	1	0.968
332	326	0	0.00237
333	3	1	0.845
334	313	1	0.844
335	119	1	0.922
336	269	1	0.845
337	211	0	0.0125
338	263	1	0.905
339	308	0	0.0119
340	160	0	0.00639
341	118	1	0.957
342	167	1	0.926
343	143	1	0.812
344	167	1	0.851
345	19	1	0.901
346	262	1	0.997
347	209	1	0.919
348	142	1	0.886
349	205	1	0.971
350	249	1	0.906
351	39	1	0.936
352	344	1	0.899
353	285	0	0.0105
354	66	1	0.987
355	87	0	0.00269
356	129	1	0.936
357	237	1	0.94
358	274	1	0.947
359	175	0	0.0111
360	126	1	0.821
361	81	1	0.843
362	213	1	0.966
363	303	0	0.00721
364	229	1	0.834
365	265	1	0.814
366	164	0	0.0106
367	233	1	0.943
368	278	0	0.00352
369	181	1	0.942
370	80	1	0.9
371	266	1	0.809
372	156	0	0.0105
373	275	1	0.985
374	152	1	0.858
375	130	1	0.925
376	96	1	0.981
377	44	1	0.859
378	15	1	0.93
379	139	0	0.00345
380	186	1	0.937
381	309	1	0.884
382	129	1	0.855
383	117	0	0.00235
384	34	1	0.896
385	250	1	0.876
386	218	1	0.902
387	247	1	0.825
388	307	1	0.843
389	354	1	0.866
390	22	0	0.00258
391	88	1	0.844
392	226	1	0.829
393	354	1	0.988
394	156	0	0.00596
395	191	1	0.932
396	259	1	0.896
397	228	1	0.895
398	142	1	0.86
399	355	1	0.895
400	157	1	0.816
401	264	1	0.847
402	176	1	0.852
403	172	1	0.961
404	371	1	0.984
405	224	1	0.81
406	363	1	0.804
407	62	1	0.856
408	357	1	0.915
409	75	1	0.946
410	263	1	0.912
411	166	1	0.919
412	389	1	0.831
413	134	0	0.0105
414	354	1	0.956
415	247	0	0.0128
416	310	1	0.955
417	96	1	0.846
418	313	1	0.89
419	368	1	0.98
420	292	1	0.898
421	202	1	0.838
422	289	1	0.926
423	176	1	0.815
424	211	0	0.0123
425	330	1	0.848
426	342	1	0.82
427	251	1	0.911
428	77	1	0.977
429	145	1	0.966
430	51	1	0.802
431	259	1	0.861
432	1	1	0.846
433	204	1	0.898
434	397	1	0.937
435	48	0	0.0102
436	15	0	0.0111
437	123	1	0.879
438	413	1	0.941
439	421	1	0.993
440	414	0	0.00668
441	247	0	0.00735
442	398	1	0.802
443	220	1	0.801
444	316	1	0.956
445	68	1	0.842
446	52	1	0.902
447	437	1	0.827
448	168	1	0.891
449	321	1	0.896
450	394	1	0.946
451	331	1	0.831
452	340	1	0.816
453	385	1	0.954
454	136	1	0.895
455	277	1	0.979
456	273	1	0.989
457	387	1	0.979
458	369	1	0.961
459	254	1	0.871
460	291	1	0.818
461	65	1	0.899
462	202	1	0.824
463	328	1	0.863
464	134	1	0.848
465	115	1	0.983
466	288	1	0.849
467	143	0	0.00779
468	68	1	0.854
469	16	1	0.919
470	66	1	0.903
471	96	1	0.815
472	454	1	0.803
473	460	1	0.928
474	336	1	0.893
475	389	1	0.839
476	130	1	0.975
477	432	1	0.838
478	38	0	0.00779
479	319	1	0.977
480	211	1	0.829
481	81	1	0.811
482	96	1	0.838
483	388	0	0.00697
484	110	1	0.825
485	282	1	0.983
486	176	0	0.00584
487	148	1	0.857
488	401	1	0.928
489	123	1	0.893
490	331	1	0.983
491	106	1	0.917
492	111	1	0.837
493	352	1	0.89
494	267	1	0.958
495	430	0	0.00391
496	37	1	0.859
497	252	0	0.00962
498	5	0	0.00654
499	492	1	0.978
23	479	1	0.94
48	485	0	0.00604
290	373	1	0.972
44	260	1	0.863
194	433	0	0.00336
456	289	0	0.00388
201	206	1	0.847
263	6	1	0.996
494	304	1	0.868
239	262	1	0.965
46	429	1	0.853
38	69	1	0.964
483	422	1	0.871
286	302	1	0.883
456	483	1	0.86
243	471	1	0.811
68	73	1	0.959
411	34	1	0.992
438	63	1	0.845
317	118	1	0.94
241	405	1	0.929
91	302	1	0.888
375	193	1	0.848
149	81	1	0.914
294	117	0	0.0127
180	475	1	0.986
200	56	1	0.821
255	369	1	0.815
342	18	0	0.00409
325	125	1	0.873
76	199	1	0.933
294	239	1	0.878
225	72	0	0.00474
420	308	1	0.886
31	276	0	0.00638
40	121	1	0.987
206	114	1	0.931
113	273	1	0.862
304	131	1	0.803
129	238	1	0.921
364	142	1	0.831
195	320	1	0.952
447	440	1	0.823
395	80	1	0.823
89	96	1	0.852
62	465	1	0.993
21	484	1	0.815
131	196	1	0.929
150	212	1	0.966
236	37	1	0.964
99	415	1	0.814
35	258	1	0.858
201	447	0	0.0101
288	39	1	0.981
158	485	1	0.839
339	478	1	0.954
213	167	1	0.959
331	349	1	0.873
329	220	1	0.844
80	319	1	0.956
208	367	1	0.825
109	75	1	0.93
223	377	1	0.989
452	460	0	0.0109
357	389	1	0.872
412	476	0	0.00223
412	367	1	0.947
81	199	1	0.988
204	24	1	0.901
414	229	1	0.981
412	404	1	0.896
266	404	1	0.871
352	93	1	0.931
198	260	1	0.801
232	183	1	0.878
268	55	0	0.00543
70	20	1	0.876
154	92	1	0.874
290	472	1	0.973
450	203	1	0.931
422	362	1	0.86
211	218	1	0.945
254	128	1	0.884
91	262	1	0.868
232	226	0	0.00431
250	323	1	0.989
266	58	1	0.993
359	242	1	0.883
383	72	1	0.809
481	452	1	0.89
468	344	1	0.976
249	265	1	0.838
120	381	1	0.989
130	168	0	0.00276
184	392	1	0.922
490	132	1	0.889
132	65	1	0.899
214	398	1	0.944
197	172	1	1
460	358	1	0.815
474	275	1	0.864
364	17	1	0.836
262	419	1	0.896
72	204	0	0.0082
325	344	0	0.00905
165	415	1	0.975
76	468	1	0.906
16	163	1	0.971
431	239	0	0.0113
71	176	1	0.934
445	448	1	0.814
40	44	1	0.971
73	297	1	0.831
185	168	1	0.888
471	185	1	0.829
176	331	1	0.873
435	98	1	0.963
245	297	1	0.909
307	389	1	0.868
300	86	1	0.997
198	461	1	0.856
278	182	1	0.996
196	256	0	0.00607
411	253	1	0.946
497	229	1	0.804
385	124	1	0.839
159	24	1	0.94
350	362	1	0.952
48	252	0	0.00241
381	462	1	0.847
385	494	1	0.837
281	129	1	0.913
433	474	1	0.914
384	412	1	0.83
224	47	0	0.00416
189	155	1	0.862
218	76	1	0.815
296	489	1	0.99
454	92	1	0.97
59	326	1	0.922
84	43	1	0.888
339	129	1	0.829
206	283	0	0.0127
444	442	0	0.0124
186	306	1	0.841
237	181	1	0.948
299	83	1	0.904
6	439	1	0.991
478	162	0	0.0115
363	193	1	0.917
197	290	1	0.854
414	331	1	0.918
79	485	1	0.865
465	323	1	0.909
92	308	1	0.824
229	129	1	0.905
221	489	1	0.94
366	257	1	0.973
253	125	1	0.882
266	363	1	0.839
384	493	1	0.825
104	227	1	0.897
206	69	1	0.956
202	498	1	0.99
100	172	1	0.804
431	353	1	0.934
44	194	0	0.00443
392	57	0	0.00185
67	62	0	0.00362
257	197	1	0.812
144	332	1	0.879
81	439	1	0.861
239	164	1	0.925
441	49	0	0.0119
282	493	1	0.941
48	274	1	0.89
220	393	1	0.929
338	430	1	0.881
310	218	1	0.927
382	115	1	0.873
283	229	0	0.00455
400	404	0	0.00668
65	350	1	0.972
495	315	1	0.867
149	370	1	0.899
417	65	1	0.923
91	125	0	0.00543
370	167	1	0.919
489	39	1	0.96
477	487	1	0.971
266	387	1	0.948
386	457	1	0.92
96	139	0	0.00174
361	266	1	0.851
373	413	1	0.868
52	465	1	0.887
374	222	0	0.00419
84	439	1	0.873
7	435	1	0.848
321	317	1	0.964
440	283	1	0.95
402	110	1	0.936
142	110	0	0.0101
27	66	1	0.859
94	389	1	0.903
315	242	1	0.992
169	331	1	0.954
349	217	1	0.899
1	489	1	0.857
60	288	1	0.843
499	7	0	0.00768
151	458	1	0.819
291	198	0	0.00426
452	156	0	0.00962
123	24	1	0.978
335	178	1	0.965
136	9	0	0.0032
243	152	1	0.987
6	290	1	0.938
123	394	1	0.838
324	457	1	0.889
172	417	1	0.982
356	138	1	0.989
94	316	1	0.989
19	152	1	0.8
279	259	1	0.903
332	432	1	0.896
11	404	1	0.897
452	451	1	0.885
111	245	1	0.912
204	89	1	0.875
178	24	1	0.81
248	429	1	0.831
37	139	1	0.953
357	189	1	0.903
87	403	1	0.934
221	394	1	0.845
348	102	1	0.825
477	19	1	0.83
451	14	1	0.833
437	87	1	0.992
424	158	1	0.969
376	407	1	0.914
30	8	0	0.00759
200	279	1	0.888
383	339	1	0.99
477	471	1	0.901
32	474	1	0.875
54	70	1	0.974
49	470	1	0.858
432	305	1	0.829
186	332	0	0.00743
75	223	1	0.912
230	28	1	0.869
283	114	0	0.00822
339	16	1	0.808
367	300	1	0.95
278	419	1	0.818
208	450	1	0.883
201	69	1	0.959
347	41	1	0.907
316	48	1	0.865
293	53	0	0.0123
34	493	1	0.9
344	93	1	0.815
485	136	1	0.991
281	19	1	0.841
37	379	1	0.921
268	52	1	0.889
7	63	1	0.905
353	239	1	0.938
496	139	1	0.998
255	445	1	0.923
28	306	1	0.903
297	29	1	0.938
172	96	1	0.808
18	290	1	0.889
319	6	1	0.803
45	68	1	0.927
241	224	0	0.00385
17	12	1	0.949
498	88	1	0.965
214	395	1	0.997
47	117	1	0.943
456	204	1	0.935
246	121	1	0.898
123	221	0	0.00277
169	304	1	0.832
499	33	1	0.987
207	309	1	0.982
324	121	1	0.923
133	4	1	0.93
465	446	1	0.829
296	221	0	0.011
359	54	1	0.954
114	206	1	0.809
219	435	1	0.94
468	445	0	0.0025
460	481	1	0.876
442	142	1	0.859
240	102	1	0.883
238	281	1	0.969
40	272	0	0.00188
448	130	1	0.999
104	39	0	0.00399
89	273	1	0.876
474	287	1	0.845
430	315	0	0.0042
41	209	1	0.96
111	297	0	0.00431
351	88	1	0.845
199	67	1	0.937
318	13	1	0.906
63	413	1	0.816
317	73	1	0.991
395	398	1	0.964
168	448	1	0.931
369	68	1	0.873
381	326	1	0.805
5	1	0	0.00395
406	266	1	0.966
326	309	1	0.846
112	2	1	0.891
216	435	0	0.011
414	129	1	0.96
277	42	1	0.921
83	51	1	0.934
444	94	1	0.939
102	142	1	0.901
298	480	1	0.864
374	243	0	0.00386
99	173	1	0.978
424	480	1	0.891
302	107	1	0.914
198	382	0	0.00938
190	40	1	0.911
457	26	1	0.873
165	247	1	0.81
147	80	1	0.978
237	134	1	0.993
14	2	1	0.998
23	131	1	0.877
378	1	1	0.875
142	240	0	0.00681
132	164	1	0.928
249	134	1	0.945
307	94	1	0.881
432	223	1	0.98
38	339	1	0.889
150	59	1	0.908
373	18	1	0.802
459	190	0	0.0102
215	294	1	0.866
357	134	1	0.915
235	269	1	0.902
436	378	1	0.955
110	21	1	0.934
192	14	1	0.881
26	246	0	0.0125
12	478	1	0.823
482	471	1	0.954
497	283	1	0.916
363	243	1	0.81
91	93	1	0.961
137	75	1	0.943
254	40	1	0.939
58	3	1	0.93
390	16	1	0.869
171	52	1	0.99
39	476	1	0.913
60	104	1	0.995
402	484	1	0.853
220	245	1	0.935
128	79	1	0.929
64	48	0	0.00229
54	330	1	0.873
81	76	1	0.841
164	232	1	0.844
76	491	0	0.00708
15	24	1	0.857
305	332	1	0.875
182	417	1	0.813
79	136	1	0.965
464	237	1	0.989
440	201	1	0.952
170	11	0	0.00186
306	28	1	0.851
179	248	0	0.00344
361	58	1	0.83
438	7	1	0.892
175	242	0	0.00576
130	168	1	0.977
437	201	1	0.803
122	115	0	0.0117
370	260	1	0.827
407	96	1	0.808
308	129	1	0.998
8	123	0	0.00213
441	165	1	0.875
282	79	1	0.81
294	316	1	0.881
1	28	1	0.839
473	452	1	0.933
156	481	0	0.0119
166	435	0	0.00938
368	262	0	0.0118
59	299	1	0.962
159	123	1	0.883
228	1	1	0.808
223	44	1	0.995
42	19	1	0.925
376	139	0	0.0119
36	273	1	0.868
377	260	1	0.881
87	197	1	0.995
492	7	1	0.998
67	491	1	0.958
239	285	1	0.935
105	67	0	0.00523
195	186	1	0.981
124	392	1	0.969
6	338	1	0.872
236	196	1	0.845
227	39	1	0.811
446	55	1	0.846
445	68	1	0.866
68	297	1	0.91
148	477	0	0.0122
487	148	1	0.838
146	118	1	0.886
248	145	1	0.905
346	419	1	0.987
493	93	1	0.851
312	32	1	0.985
181	207	1	0.961
433	58	1	0.846
429	119	1	0.961
286	93	1	0.955
98	284	1	0.825
53	3	1	0.919
86	98	0	0.0052
350	134	1	0.857
334	237	1	0.857
427	98	1	0.997
234	168	1	0.98
211	293	1	0.841
409	223	1	0.864
449	317	1	0.881
425	242	1	0.925
419	368	1	0.955
315	430	1	0.83
375	182	1	0.803
2	209	1	0.904
11	82	1	0.813
62	323	1	0.949
343	467	1	0.846
304	23	1	0.979
469	308	0	0.00764
140	92	1	0.981
55	52	1	0.923
388	145	0	0.0103
29	144	1	0.837
320	380	1	0.842
443	329	1	0.878
119	16	1	0.949
138	2	1	0.998
477	345	1	0.825
327	134	0	0.0112
117	95	1	0.962
428	80	1	0.923
364	129	1	0.896
118	29	1	0.954
270	31	1	0.944
391	498	1	0.81
421	498	1	0.881
144	92	1	0.887
108	204	1	0.898
50	83	1	0.982
458	68	1	0.911
57	481	1	0.928
295	152	1	0.835
362	325	1	0.8
489	296	1	0.937
145	445	1	0.949
332	320	1	0.815
336	16	0	0.00359
423	63	1	0.82
398	214	1	0.803
222	243	1	0.843
71	433	1	0.866
289	24	1	0.955
73	245	1	0.906
349	87	1	0.88
153	355	1	0.869
78	236	1	0.811
125	107	1	0.884
262	419	1	0.851
189	134	1	0.955
35	199	1	0.959
127	14	1	0.898
478	272	0	0.0112
149	80	1	0.948
163	119	0	0.00403
143	2	1	0.894
263	6	1	0.807
80	260	1	0.905
439	338	1	0.817
44	58	1	0.989
197	497	0	0.00735
206	95	1	0.837
202	88	1	0.881
258	495	1	0.922
85	20	1	0.801
103	474	1	0.862
418	237	1	0.915
74	477	0	0.00572
167	260	1	0.818
435	284	1	0.954
155	134	1	0.969
113	139	1	0.809
204	14	1	0.934
371	406	1	0.824
348	115	1	0.974
322	70	1	0.901
221	5	0	0.00807
217	331	1	0.887
84	81	1	0.953
453	250	1	0.851
56	92	1	0.959
271	46	0	0.00998
413	189	1	0.888
82	484	1	0.91
188	257	1	0.925
261	455	1	0.981
252	283	1	0.887
403	153	1	0.853
66	389	1	0.801
187	477	1	0.924
287	275	1	0.993
196	131	1	0.951
251	210	1	0.973
396	279	1	0.819
345	281	1	0.911
275	413	0	0.00895
410	210	1	0.844
154	391	1	0.948
472	31	1	0.903
178	24	1	0.838
495	258	1	0.839
335	24	1	0.823
386	310	1	0.828
479	304	1	0.862
379	299	1	0.974
450	221	1	0.927
141	381	1	0.924
470	5	1	0.848
483	145	0	0.0113
280	218	1	0.991
97	307	1	0.893
31	27	0	0.00992
61	65	1	0.815
337	480	1	0.972
46	279	1	0.812
389	180	1	0.994
243	19	1	0.992
129	291	1	0.826
13	30	1	0.859
233	412	1	0.909
100	417	1	0.841
90	123	1	0.928
358	48	1	0.807
244	134	1	0.836
231	450	1	0.928
329	220	1	0.983
22	279	0	0.00918
491	76	0	0.0105
292	308	1	0.803
420	292	1	0.966
301	248	1	0.896
490	349	1	0.988
32	258	1	0.859
288	104	1	0.911
431	285	1	0.874
180	214	1	0.915
213	422	1	0.872
461	25	1	0.882
384	228	1	0.894
405	224	1	0.937
400	117	0	0.0113
109	91	0	0.00946
212	92	1	0.813
225	75	1	0.822
417	172	0	0.00759
226	314	1	0.922
136	29	1	0.85
476	168	1	0.906
300	450	1	0.991
49	221	1	0.811
253	181	1	0.839
494	8	1	0.878
466	104	1	0.938
250	385	1	0.925
291	382	1	0.828
387	58	1	0.975
0	290	1	0.993
338	6	1	0.991
290	27	1	0.855
333	2	0	0.00241
43	297	1	0.931
93	34	1	0.985
232	314	1	0.975
455	277	1	0.96
94	215	0	0.00404
186	326	0	0.00278
230	28	1	0.883
135	254	1	0.904
183	31	0	0.00553
356	112	1	0.884
339	292	0	0.00839
278	193	1	0.838
208	394	1	0.829
201	206	1	0.959
347	2	1	0.961
316	94	1	0.835
72	246	1	0.927
293	10	1	0.999
34	4	1	0.963
344	362	1	0.87
411	125	1	0.962
281	243	1	0.8
408	237	1	0.81
95	201	1	0.869
37	379	1	0.927
268	11	1	0.928
7	423	1	0.865
496	37	1	0.978
255	68	1	0.872
297	317	1	0.807
172	482	1	0.918
18	385	1	0.828
176	81	1	0.878
45	145	1	0.957
241	224	1	0.97
162	478	1	0.852
242	330	1	0.836
17	229	1	0.939
498	39	1	0.807
214	442	0	0.00868
47	19	1	0.874
488	264	1	0.838
456	433	1	0.82
246	227	0	0.00409
52	167	1	0.81
123	208	1	0.977
169	349	1	0.824
499	39	1	0.847
324	246	1	0.892
133	66	1	0.941
465	122	1	0.895
296	221	0	0.00265
359	103	0	0.00839
48	358	1	0.807
114	96	1	0.869
303	193	1	0.813
219	216	1	0.855
467	2	1	0.892
468	145	1	0.857
460	382	1	0.903
240	288	1	0.805
238	129	1	0.902
448	255	1	0.942
104	288	1	0.95
474	269	1	0.906
200	253	1	0.875
264	17	1	0.932
41	281	1	0.874
111	73	1	0.856
30	13	1	0.936
351	39	1	0.879
199	63	1	0.992
318	13	1	0.809
63	7	1	0.923
317	449	0	0.0124
395	180	1	0.955
341	146	1	0.932
185	448	1	0.913
168	448	1	0.896
369	151	1	0.846
381	120	1	0.827
309	207	0	0.00558
10	3	1	0.85
326	51	1	0.885
112	363	1	0.895
65	278	1	0.911
216	435	1	0.951
414	238	0	0.00789
83	77	1	0.842
444	294	1	0.974
298	211	1	0.935
374	192	1	0.962
99	125	1	0.859
383	47	1	0.802
424	480	1	0.835
20	70	0	0.00703
198	129	0	0.00268
265	350	1	0.894
190	33	1	0.916
457	121	1	0.976
165	97	1	0.941
147	77	1	0.841
378	432	1	0.957
132	278	0	0.00513
307	94	1	0.933
432	14	1	0.962
38	162	1	0.926
150	92	1	0.958
373	197	1	0.909
269	16	1	0.929
459	40	1	0.919
215	294	1	0.981
480	211	0	0.00173
357	475	1	0.939
393	66	1	0.862
392	124	1	0.998
235	336	1	0.89
436	378	1	0.91
110	364	1	0.804
121	26	0	0.00891
482	92	1	0.979
497	283	1	0.813
91	109	1	0.83
254	40	1	0.888
257	197	1	0.847
58	266	1	0.82
390	279	1	0.836
171	0	1	0.944
39	7	1	0.876
397	384	1	0.991
366	197	1	0.898
60	39	1	0.829
402	142	1	0.949
220	73	1	0.948
128	312	1	0.968
64	316	0	0.00173
81	71	0	0.00925
164	314	1	0.932
76	221	1	0.967
15	42	0	0.00637
305	432	1	0.929
4	262	1	0.869
422	388	1	0.999
464	244	1	0.835
440	238	1	0.801
170	17	1	0.833
306	195	1	0.941
179	119	0	0.00243
331	354	1	0.834
361	404	1	0.979
438	189	1	0.826
175	54	1	0.822
130	182	1	0.843
21	220	1	0.891
437	440	1	0.98
122	382	1	0.966
415	94	1	0.968
370	80	0	0.0127
407	139	1	0.893
308	382	0	0.00379
8	30	0	0.0123
282	40	1	0.915
380	195	0	0.00983
33	7	1	0.959
340	33	1	0.963
294	64	0	0.0104
1	494	1	0.959
473	291	1	0.982
166	125	1	0.935
368	346	1	0.84
228	1	1	0.978
223	377	1	0.912
92	150	0	0.00741
42	24	1	0.807
205	490	1	0.959
376	36	1	0.941
245	68	1	0.99
184	124	1	0.828
36	376	0	0.0114
401	285	1	0.887
87	355	0	0.00776
492	4	1	0.936
157	294	1	0.802
67	258	1	0.981
173	107	1	0.881
256	47	1	0.979
266	361	0	0.00615
16	279	0	0.00313
239	259	1	0.8
399	153	1	0.994
195	28	1	0.93
124	226	1	0.911
6	0	1	0.915
210	98	1	0.82
236	23	1	0.944
445	68	0	0.0079
68	220	1	0.808
148	72	1	0.889
487	477	1	0.862
101	212	1	0.928
88	174	1	0.894
146	220	1	0.872
346	278	1	0.88
493	79	1	0.88
181	381	1	0.955
158	256	1	0.803
433	24	1	0.826
429	119	1	0.805
115	198	1	0.895
86	188	0	0.0105
350	344	1	0.997
334	237	1	0.881
427	98	1	0.883
234	168	1	0.919
409	75	0	0.00857
449	321	1	0.901
425	242	1	0.844
419	262	1	0.993
412	168	1	0.92
315	495	1	0.939
375	278	0	0.00236
2	27	1	0.968
372	452	1	0.942
11	38	1	0.828
218	480	1	0.929
343	249	1	0.85
284	74	0	0.00209
304	90	1	0.901
106	468	0	0.0051
51	83	0	0.0121
469	420	1	0.874
140	212	1	0.946
161	147	1	0.81
388	155	1	0.945
120	288	0	0.0017
29	297	1	0.912
160	452	0	0.00348
443	21	0	0.0128
247	94	1	0.954
119	145	1	0.817
138	243	1	0.821
299	51	0	0.00161
117	400	1	0.848
24	289	1	0.88
364	382	1	0.933
355	87	1	0.992
391	421	1	0.876
421	202	1	0.881
144	140	1	0.846
108	5	1	0.983
50	51	1	0.849
458	129	1	0.889
57	81	1	0.884
295	243	1	0.963
362	289	1	0.999
489	288	1	0.828
342	2	1	0.844
332	380	1	0.997
336	269	0	0.00948
126	164	1	0.907
423	63	1	0.941
203	300	1	0.877
398	214	0	0.0126
71	149	1	0.955
289	335	1	0.807
73	341	1	0.844
349	146	1	0.987
78	196	0	0.0121
125	107	0	0.00212
262	228	1	0.969
189	4	1	0.988
35	402	1	0.969
127	20	1	0.806
314	124	1	0.904
475	354	0	0.00689
478	69	1	0.958
285	353	1	0.821
149	147	1	0.905
116	201	1	0.895
163	22	1	0.854
404	406	1	0.967
143	2	1	0.818
263	0	0	0.00967
80	370	1	0.865
439	202	1	0.859
44	80	1	0.942
197	87	1	0.891
206	497	1	0.986
202	39	0	0.00328
313	464	1	0.982
258	67	0	0.0109
85	20	1	0.961
103	334	1	0.979
418	334	1	0.952
74	98	1	0.887
167	52	1	0.805
435	33	1	0.964
155	249	1	0.983
113	299	1	0.848
260	291	1	0.826
328	377	1	0.997
204	143	1	0.815
371	363	1	0.969
348	198	1	0.873
322	192	1	0.969
84	57	0	0.006
453	323	1	0.871
259	239	1	0.983
56	279	1	0.992
271	20	1	0.967
413	423	1	0.813
82	164	1	0.968
188	437	1	0.959
261	24	1	0.938
403	399	1	0.96
66	71	1	0.904
229	252	1	0.952
187	15	0	0.00191
287	32	1	0.968
251	98	1	0.962
396	431	1	0.882
193	243	1	0.825
345	19	1	0.859
486	423	1	0.991
275	18	1	0.825
410	6	1	0.841
365	249	1	0.994
191	398	1	0.962
19	152	1	0.809
472	183	0	0.00933
178	335	0	0.00386
495	32	1	0.88
279	431	1	0.904
335	289	1	0.923
386	387	1	0.821
479	147	1	0.834
379	96	1	0.826
152	304	0	0.0114
450	367	1	0.913
141	381	1	0.959
470	247	1	0.906
280	76	1	0.933
97	94	1	0.94
31	454	1	0.932
337	293	1	0.844
46	20	1	0.955
389	475	1	0.821
243	28	0	0.0128
13	30	1	0.86
233	18	1	0.923
100	94	1	0.818
325	350	1	0.917
90	437	1	0.982
358	64	1	0.963
244	32	1	0.944
231	221	1	0.957
22	16	1	0.944
9	73	1	0.831
491	106	1	0.955
292	420	1	0.963
321	66	1	0.945
301	429	1	0.833
490	217	1	0.807
32	474	1	0.958
288	39	1	0.806
431	46	0	0.00182
180	357	1	0.923
471	92	0	0.00372
352	79	1	0.971
461	291	1	0.971
405	158	1	0.809
109	93	0	0.0043
212	150	0	0.0088
225	223	1	0.947
417	132	1	0.828
226	183	1	0.835
136	48	1	0.97
3	71	1	0.823
476	288	1	0.836
462	120	1	0.992
300	450	1	0.841
311	1	0	0.0113
49	5	1	0.947
253	325	1	0.902
494	250	0	0.0114
466	60	0	0.00453
250	267	1	0.935
291	452	0	0.00363
387	433	0	0.0103
338	421	1	0.841
290	366	0	0.0111
333	41	1	0.85
43	136	1	0.986
232	82	1	0.823
455	42	1	0.892
230	356	1	0.866
135	254	1	0.939
183	27	1	0.897
283	229	1	0.844
356	28	1	0.971
339	269	0	0.0108
77	147	1	0.904
367	300	1	0.921
278	132	1	0.938
347	112	0	0.00475
274	435	1	0.837
316	415	1	0.924
72	108	1	0.97
34	253	0	0.00555
344	109	1	0.858
485	128	1	0.837
107	93	1	0.819
272	12	0	0.00709
139	299	1	0.926
281	363	1	0.871
408	464	0	0.0104
268	446	1	0.88
7	63	1	0.865
353	431	0	0.0107
330	425	1	0.872
452	358	1	0.896
28	69	1	0.966
297	9	1	0.957
172	257	0	0.00287
18	77	1	0.921
319	263	0	0.00579
176	57	1	0.886
45	429	1	0.879
241	485	1	0.956
162	12	0	0.00219
96	482	1	0.872
242	330	1	0.854
17	236	1	0.954
498	154	1	0.883
214	395	1	0.932
434	228	1	0.841
47	15	1	0.91
488	11	1	0.949
385	184	1	0.941
456	2	1	0.932
246	148	1	0.973
123	203	1	0.864
169	490	0	0.0121
207	181	0	0.00474
324	121	1	0.826
133	1	1	0.965
465	167	1	0.932
296	1	1	0.993
359	244	1	0.834
323	40	1	0.821
48	9	1	0.872
114	497	1	0.876
303	266	1	0.95
481	176	1	0.949
219	284	1	0.917
468	445	1	0.984
460	358	0	0.0103
240	442	1	0.937
238	414	1	0.877
40	79	0	0.00338
448	185	1	0.81
104	381	1	0.862
89	497	1	0.915
474	269	1	0.811
200	390	0	0.00515
264	170	1	0.831
430	263	1	0.936
41	238	0	0.01
267	487	1	0.855
351	498	1	0.887
199	7	1	0.832
318	13	1	0.973
63	423	1	0.828
317	321	1	0.945
395	214	1	0.893
360	82	1	0.816
341	118	1	0.834
185	255	1	0.836
369	151	1	0.852
381	309	0	0.00774
309	181	1	0.996
10	211	1	0.804
25	65	1	0.984
5	221	1	0.97
326	320	1	0.877
447	440	0	0.00379
216	358	1	0.895
414	349	1	0.966
463	260	1	0.998
277	261	1	0.806
83	59	1	0.984
444	94	1	0.843
102	130	1	0.845
298	211	1	0.843
374	243	1	0.816
99	253	1	0.849
383	129	1	0.869
424	53	0	0.00365
302	93	1	0.843
134	249	0	0.00951
20	429	1	0.969
198	370	1	0.803
190	7	0	0.0104
457	324	1	0.837
165	49	1	0.866
147	370	1	0.803
237	359	1	0.842
14	308	1	0.82
23	152	1	0.907
378	28	1	0.952
142	35	1	0.907
132	193	1	0.945
307	248	1	0.956
432	74	1	0.88
38	162	1	0.885
373	423	1	0.907
269	16	1	0.814
459	121	1	0.915
215	157	1	0.864
480	218	0	0.00311
357	389	1	0.941
393	27	1	0.878
392	183	1	0.973
235	16	1	0.914
436	1	1	0.87
110	142	1	0.807
26	246	1	0.882
121	246	1	0.977
12	38	1	0.916
482	417	1	0.897
497	96	1	0.825
363	347	0	0.00746
137	377	0	0.00188
254	128	1	0.993
257	86	1	0.888
58	433	0	0.0106
390	16	1	0.858
177	189	1	0.901
171	6	1	0.912
397	384	1	0.88
366	132	0	0.00968
60	240	1	0.998
220	443	0	0.00548
128	459	1	0.973
276	270	1	0.835
64	274	1	0.874
54	242	1	0.949
81	392	1	0.85
394	221	1	0.81
164	490	0	0.00845
76	344	0	0.0095
15	24	1	0.939
305	477	1	0.802
182	448	0	0.00987
79	48	0	0.00814
4	357	1	0.806
426	18	1	0.925
464	103	1	0.872
440	41	1	0.919
170	171	1	0.949
306	195	1	0.956
331	349	1	0.998
361	149	0	0.0115
438	63	1	0.808
175	244	1	0.964
130	278	1	0.873
21	302	1	0.827
437	90	1	0.993
122	129	1	0.936
415	94	0	0.00774
370	161	1	0.988
407	105	1	0.87
308	150	1	0.917
8	1	1	0.909
441	470	1	0.945
282	254	1	0.839
380	326	1	0.924
33	173	0	0.0077
294	331	1	0.874
1	2	1	0.902
473	198	1	0.908
156	176	0	0.0115
131	236	1	0.857
166	173	1	0.878
368	375	1	0.858
59	150	0	0.00637
159	261	0	0.0113
228	449	1	0.889
92	332	1	0.856
42	243	1	0.984
205	341	1	0.801
245	73	1	0.851
184	250	1	0.95
36	96	1	0.837
377	80	1	0.861
401	11	0	0.00593
492	33	1	0.898
157	206	1	0.978
67	25	1	0.9
173	411	1	0.815
256	224	1	0.823
266	44	1	0.854
105	25	0	0.00501
195	28	0	0.00249
124	342	1	0.904
6	410	1	0.965
210	219	0	0.0123
236	25	0	0.0089
227	476	0	0.0116
446	52	1	0.957
445	145	1	0.899
68	4	1	0.918
148	204	1	0.928
487	494	0	0.00232
101	56	1	0.904
88	288	1	0.805
248	119	0	0.0081
346	228	0	0.00553
493	302	1	0.955
312	32	1	0.921
181	309	1	0.961
158	224	0	0.00543
433	204	1	0.921
115	382	1	0.834
286	493	1	0.995
53	71	0	0.0086
334	313	1	0.982
427	219	1	0.891
234	185	1	0.921
211	480	1	0.928
454	290	0	0.00169
409	223	1	0.984
425	330	1	0.812
315	32	1	0.855
375	278	1	0.884
2	290	0	0.01
372	340	1	0.982
11	132	1	0.886
62	461	1	0.846
343	134	1	0.868
354	440	1	0.999
284	432	1	0.847
27	89	0	0.0124
304	123	1	0.935
106	76	1	0.843
51	309	1	0.924
469	11	1	0.849
140	150	1	0.893
161	83	1	0.844
388	249	1	0.892
29	136	1	0.869
320	381	1	0.856
247	389	0	0.00687
138	28	1	0.805
299	36	1	0.856
327	343	1	0.871
117	294	0	0.0101
24	42	1	0.992
428	370	1	0.978
364	170	1	0.861
270	18	0	0.0103
355	349	1	0.852
391	202	1	0.833
421	202	1	0.844
144	136	1	0.997
108	49	1	0.947
50	426	1	0.927
458	151	1	0.962
57	149	1	0.855
295	138	0	0.0109
362	325	1	0.933
489	221	1	0.833
145	249	1	0.922
332	59	1	0.901
126	232	1	0.882
423	57	1	0.916
398	395	1	0.901
222	266	0	0.00534
289	3	0	0.00238
349	355	1	0.964
153	399	1	0.999
78	236	1	0.837
125	34	1	0.867
189	492	1	0.873
127	20	1	0.891
314	64	1	0.814
475	66	0	0.005
285	396	1	0.878
149	77	1	0.956
116	437	1	0.921
163	119	0	0.00413
404	266	0	0.0123
143	14	1	0.916
263	6	1	0.819
80	198	1	0.844
439	430	1	0.953
44	230	1	0.852
197	164	1	0.878
202	381	1	0.914
313	237	1	0.9
258	315	1	0.94
85	271	1	0.859
103	343	1	0.933
418	334	1	0.834
74	219	1	0.977
167	12	1	0.957
155	248	1	0.824
113	376	1	0.884
260	370	1	0.978
328	44	1	0.881
204	343	1	0.875
348	130	1	0.832
322	374	1	0.838
217	205	1	0.813
84	92	1	0.849
453	385	0	0.00291
56	92	1	0.864
271	322	1	0.985
174	391	1	0.964
413	373	0	0.0102
82	314	1	0.839
188	440	1	0.811
261	335	1	0.869
252	497	1	0.989
66	389	1	0.838
229	170	1	0.96
187	305	1	0.896
287	32	1	0.89
196	23	1	0.88
251	210	1	0.887
193	278	1	0.801
345	281	1	0.948
486	71	1	0.821
275	342	1	0.879
410	147	1	0.858
365	343	1	0.858
191	214	0	0.00173
19	432	1	0.809
154	101	1	0.876
472	290	1	0.899
178	3	1	0.997
69	306	1	0.95
495	338	1	0.975
279	390	1	0.816
335	15	1	0.968
386	121	1	0.868
479	6	1	0.908
152	374	1	0.808
450	221	1	0.998
141	120	0	0.00286
483	422	1	0.955
280	363	0	0.00644
97	165	1	0.926
31	274	1	0.961
61	278	1	0.842
337	424	1	0.98
46	22	1	0.823
243	306	1	0.989
129	260	1	0.951
13	30	1	0.952
233	373	0	0.00507
194	474	1	0.952
325	12	0	0.00968
90	1	1	0.856
244	249	0	0.00532
231	208	0	0.00406
329	393	1	0.96
22	119	0	0.00443
9	358	1	0.976
491	76	1	0.825
321	449	1	0.876
420	339	1	0.939
301	179	1	0.96
490	157	1	0.956
32	287	1	0.816
288	7	1	0.847
431	239	0	0.00492
471	363	1	0.838
213	483	1	0.889
352	468	1	0.841
461	67	1	0.844
384	1	0	0.00192
400	157	1	0.911
209	41	1	0.832
109	0	1	0.827
212	92	0	0.00503
225	137	1	0.909
417	130	1	0.9
226	124	1	0.996
136	43	1	0.963
3	224	1	0.843
476	240	1	0.909
462	88	1	0.951
300	208	1	0.823
311	1	1	0.899
273	113	1	0.814
49	204	1	0.807
494	378	1	0.859
466	281	1	0.936
250	124	1	0.945
387	121	1	0.945
0	75	0	0.00911
290	108	1	0.959
333	209	1	0.902
43	29	1	0.821
232	164	1	0.933
455	24	1	0.909
94	99	1	0.93
186	326	1	0.948
75	6	1	0.943
230	58	1	0.934
135	128	1	0.988
183	270	1	0.989
283	497	1	0.871
356	28	1	0.862
339	117	1	0.856
77	80	1	0.926
367	450	1	0.81
208	24	1	0.854
201	206	1	0.869
347	41	0	0.00205
274	64	1	0.923
316	38	0	0.00799
293	53	1	0.974
34	7	1	0.938
344	79	1	0.883
485	40	1	0.912
107	91	1	0.845
411	125	1	0.813
272	12	1	0.889
139	37	1	0.993
281	42	1	0.89
408	134	1	0.94
95	229	1	0.848
37	2	1	0.973
268	170	1	0.879
7	88	1	0.971
382	115	1	0.855
353	46	1	0.924
451	217	1	0.831
496	139	1	0.804
452	460	0	0.0124
255	458	1	0.889
28	278	1	0.875
297	158	1	0.912
172	65	1	0.843
18	290	0	0.00468
176	156	0	0.0087
45	376	1	0.92
241	485	1	0.887
162	48	1	0.845
96	105	1	0.924
242	330	1	0.832
17	52	1	0.805
498	202	1	0.941
434	384	1	0.91
47	129	1	0.926
488	52	1	0.827
385	267	1	0.912
456	204	1	0.973
246	121	1	0.858
52	268	1	0.874
123	494	1	0.804
169	8	1	0.811
499	63	1	0.982
207	309	1	0.903
324	121	1	0.968
133	28	1	0.861
465	198	1	0.945
296	123	1	0.967
359	330	0	0.00479
323	12	1	0.862
416	218	1	0.866
48	173	1	0.873
114	92	1	0.893
303	406	1	0.878
219	284	1	0.999
467	249	1	0.933
468	93	1	0.93
460	156	1	0.833
240	444	0	0.00918
238	260	1	0.812
40	272	1	0.874
448	130	0	0.012
104	120	1	0.895
89	417	0	0.0109
474	235	1	0.991
200	127	0	0.00644
264	229	1	0.902
70	271	1	0.841
430	299	1	0.902
41	2	1	0.829
267	477	1	0.839
111	29	0	0.00768
30	13	1	0.945
351	240	1	0.924
199	495	1	0.884
318	30	1	0.879
63	340	1	0.942
395	442	1	0.889
341	29	0	0.00196
185	168	1	0.994
168	65	1	0.869
369	245	0	0.0109
309	207	1	0.965
10	480	1	0.94
25	264	1	0.872
5	450	0	0.00414
406	404	0	0.00666
326	202	1	0.922
112	152	1	0.9
65	362	1	0.87
216	48	0	0.0114
414	440	0	0.00655
463	370	0	0.0122
277	335	1	0.918
102	129	1	0.828
298	480	1	0.853
374	271	0	0.0121
99	247	1	0.968
383	224	1	0.803
424	211	1	0.882
302	282	1	0.816
134	143	1	0.893
20	311	0	0.00766
265	343	1	0.819
190	323	1	0.949
457	246	1	0.938
165	470	1	0.958
237	242	1	0.88
14	374	1	0.815
378	90	1	0.976
142	60	1	0.857
132	17	1	0.932
249	343	0	0.00324
307	389	1	0.909
38	94	1	0.979
150	84	1	0.833
373	412	1	0.856
269	16	1	0.806
459	282	0	0.0114
215	415	1	0.892
480	424	1	0.801
357	413	1	0.873
392	250	1	0.962
235	339	1	0.973
436	1	1	0.934
110	82	1	0.826
192	243	1	0.846
121	457	0	0.00635
12	38	1	0.864
482	363	1	0.827
497	64	1	0.947
363	19	1	0.895
91	302	0	0.00573
137	377	1	0.805
254	282	0	0.00858
257	497	1	0.91
58	314	1	0.854
390	279	1	0.89
39	123	1	0.974
397	228	1	0.934
366	226	1	0.872
220	68	0	0.0026
128	32	1	0.935
276	48	1	0.956
64	358	0	0.00585
54	81	0	0.0057
394	460	1	0.995
164	431	1	0.978
15	28	1	0.885
305	432	1	0.974
182	278	1	0.867
79	485	1	0.879
4	1	1	0.856
422	362	1	0.904
426	233	1	0.911
464	134	1	0.801
440	497	1	0.919
170	497	1	0.911
306	320	1	0.921
179	429	1	0.903
331	14	1	0.961
361	58	0	0.00955
438	492	1	0.892
175	103	1	0.927
130	168	1	0.976
21	443	1	0.906
437	1	1	0.995
415	247	1	0.836
370	361	1	0.9
308	114	1	0.877
8	1	1	0.963
441	97	1	0.8
282	34	1	0.999
380	320	1	0.998
33	438	1	0.95
340	39	1	0.857
294	285	1	0.869
1	14	1	0.832
473	129	1	0.838
156	358	1	0.927
166	325	1	0.835
368	262	1	0.865
59	50	1	0.89
159	90	1	0.877
228	419	1	0.857
92	89	0	0.00816
42	41	0	0.0093
205	118	1	0.858
376	96	1	0.803
245	220	0	0.0119
36	273	1	0.889
377	75	1	0.83
401	264	1	0.924
87	403	1	0.962
67	489	1	0.807
173	33	1	0.873
256	3	1	0.836
16	17	1	0.809
239	117	1	0.969
399	87	1	0.828
105	139	0	0.00705
195	332	1	0.81
124	232	1	0.882
6	77	1	0.812
227	457	1	0.976
446	167	1	0.881
68	344	1	0.945
148	343	0	0.0116
487	471	1	0.832
101	96	1	0.905
88	381	0	0.0118
146	9	1	0.841
248	145	1	0.841
346	193	1	0.856
493	279	0	0.0126
181	51	1	0.912
158	73	0	0.00238
429	179	0	0.00823
115	348	0	0.0032
286	79	0	0.0114
98	219	1	0.944
53	158	1	0.894
86	208	1	0.93
350	343	1	0.863
234	185	1	0.825
449	317	1	0.888
224	211	1	0.841
419	278	1	0.997
412	300	0	0.00492
315	67	1	0.815
375	262	1	0.807
2	343	1	0.829
372	340	1	0.85
11	443	1	0.978
218	293	1	0.95
62	236	1	0.889
343	464	1	0.953
354	180	1	0.899
284	210	1	0.849
304	385	1	0.96
106	67	1	0.864
51	309	1	0.894
140	92	1	0.818
161	184	1	0.833
484	11	1	0.95
388	445	0	0.00176
120	326	0	0.00983
29	48	1	0.977
160	190	1	1
320	332	1	0.957
443	93	0	0.00264
247	470	1	0.981
119	16	1	0.949
138	28	1	0.983
477	363	1	0.971
327	365	1	0.865
117	239	0	0.00753
24	15	0	0.0119
428	147	1	0.867
364	402	1	0.893
118	321	0	0.00647
355	331	1	0.994
391	92	1	0.985
421	381	0	0.00522
144	332	1	0.94
108	290	1	0.971
50	426	1	0.952
458	369	1	0.891
295	363	1	0.962
489	221	1	0.888
342	18	1	0.832
145	429	1	0.864
332	306	1	0.945
336	16	1	0.923
126	164	1	0.87
423	413	1	0.805
398	110	1	0.99
71	2	1	0.962
289	15	1	0.861
73	36	1	0.948
349	238	1	0.809
153	355	0	0.0114
78	131	1	0.949
125	173	0	0.00923
262	384	1	0.816
189	66	1	0.865
35	315	1	0.935
127	192	1	0.885
314	294	1	0.981
475	149	0	0.00911
116	40	1	1
163	16	0	0.0071
404	58	1	0.99
143	432	1	0.812
263	11	1	0.952
80	319	0	0.01
439	71	1	0.889
197	126	1	0.857
206	437	1	0.833
313	418	1	0.866
258	287	1	0.938
85	20	1	0.889
418	357	1	0.835
74	435	1	0.868
167	446	1	0.918
435	19	1	0.865
155	134	1	0.832
260	463	1	0.999
328	80	1	0.815
204	2	1	0.873
371	303	1	0.941
348	382	1	0.906
322	20	0	0.00559
217	238	1	0.831
84	361	1	0.973
453	250	1	0.817
259	239	1	0.823
56	89	1	0.895
271	85	1	0.979
174	39	1	0.8
413	438	0	0.00758
82	21	1	0.993
188	197	1	0.817
261	277	1	0.998
252	294	1	0.866
403	349	1	0.817
66	357	1	0.867
229	473	1	0.865
287	413	1	0.952
196	271	1	0.885
251	284	0	0.00522
193	278	0	0.0055
345	243	1	0.863
486	63	1	0.952
275	18	1	0.936
410	6	1	0.889
365	143	1	0.941
191	354	1	0.827
19	47	1	0.982
154	96	1	0.92
472	108	1	0.952
178	277	1	0.843
495	315	1	0.859
279	200	0	0.00614
335	455	1	0.846
479	6	1	0.87
379	37	1	0.874
450	49	1	0.847
141	320	1	0.893
470	450	1	0.823
483	249	1	0.975
280	310	1	0.809
97	389	1	0.803
31	232	1	0.947
61	278	0	0.0111
337	480	1	0.802
46	163	1	0.891
243	28	0	0.00672
129	469	1	0.928
233	50	0	0.00324
100	64	0	0.011
194	269	1	0.874
90	123	1	0.969
244	103	1	0.832
231	86	1	0.968
329	146	1	0.874
9	452	1	0.816
491	468	1	0.954
321	28	1	0.961
420	14	1	0.939
301	20	1	0.911
32	135	1	0.865
431	353	1	0.97
180	214	1	0.995
471	267	1	0.82
213	344	0	0.00882
352	34	1	0.834
461	452	1	0.907
384	228	0	0.00622
405	297	0	0.00752
400	117	1	0.905
209	443	1	0.871
109	6	1	0.862
212	92	1	0.852
225	204	0	0.0125
417	448	1	0.816
226	232	1	0.966
136	73	1	0.923
3	208	1	0.873
476	185	1	0.878
462	202	1	0.872
300	450	1	0.825
311	308	1	0.928
49	247	0	0.00998
253	92	0	0.00593
494	453	1	0.9
466	41	0	0.00715
291	463	1	0.961
387	246	1	0.955
0	119	0	0.0119
338	299	1	0.93
290	472	1	0.831
93	11	1	0.933
232	431	1	0.971
455	335	1	0.964
94	294	1	0.833
186	305	1	0.805
75	6	1	0.81
230	223	0	0.00825
135	128	1	0.991
283	170	1	0.95
356	291	1	0.946
339	336	1	0.813
77	75	1	0.979
278	130	1	0.872
201	414	1	0.893
347	243	0	0.00975
274	31	1	0.803
316	110	1	0.854
72	75	1	0.935
34	434	1	0.8
344	109	1	0.829
485	241	1	0.868
107	34	1	0.986
411	92	1	0.983
272	162	1	0.929
281	347	1	0.821
408	237	1	0.913
95	42	1	0.884
37	23	1	0.911
268	48	1	0.99
7	438	1	0.981
382	130	1	0.955
353	431	1	0.869
451	490	1	0.923
496	37	1	0.979
452	460	0	0.00281
255	245	1	0.901
28	230	1	0.837
297	443	1	0.931
172	188	0	0.00814
18	426	1	0.944
319	210	0	0.00838
45	96	1	0.996
162	323	1	0.847
96	308	1	0.883
242	425	1	0.977
17	461	1	0.93
498	88	1	0.834
214	240	1	0.834
434	397	1	0.884
47	432	1	0.89
385	250	0	0.00568
456	249	1	0.885
246	39	1	0.968
52	122	1	0.822
123	394	1	0.91
169	176	1	0.966
499	489	1	0.965
324	457	1	0.821
133	262	1	0.931
465	115	1	0.95
296	208	1	0.993
359	70	0	0.0107
323	213	1	0.938
48	460	1	0.936
114	170	1	0.825
303	406	0	0.00637
481	54	1	0.883
219	477	1	0.925
467	134	1	0.957
468	76	1	0.981
460	481	1	0.856
442	214	1	0.956
240	60	1	0.913
238	440	1	0.845
40	485	1	0.802
104	17	1	0.872
89	229	1	0.828
474	287	1	0.965
200	99	1	0.956
264	263	1	0.855
70	244	1	0.893
41	333	1	0.919
267	1	1	0.951
111	287	1	0.923
351	202	1	0.826
199	63	1	0.849
318	30	1	0.969
63	413	1	0.855
317	43	1	0.939
395	180	1	0.999
360	164	1	0.899
185	168	1	0.849
168	448	1	0.904
369	255	1	0.992
381	498	1	0.977
10	53	0	0.00565
25	96	1	0.816
5	221	1	0.891
406	58	1	0.818
326	381	1	0.853
112	90	0	0.0127
447	206	0	0.00312
65	130	1	0.869
216	210	1	0.828
414	490	0	0.0112
463	80	1	0.919
277	261	1	0.978
83	184	1	0.816
444	117	1	0.9
102	60	1	0.957
298	480	1	0.87
374	28	1	0.948
99	247	0	0.00922
383	19	1	0.815
424	211	1	0.962
302	485	1	0.978
134	350	1	0.973
20	420	0	0.00569
198	122	1	0.872
265	327	1	0.822
190	173	1	0.96
457	40	0	0.00396
165	172	1	0.92
147	250	0	0.0053
237	313	1	0.964
14	290	1	0.939
132	234	1	0.835
249	432	1	0.992
307	155	1	0.846
432	187	1	0.82
38	94	1	0.854
373	275	1	0.867
269	383	0	0.00688
459	135	1	0.906
215	316	0	0.00666
357	475	1	0.8
393	331	1	1
392	18	1	0.808
235	163	1	0.893
436	15	1	0.962
110	35	1	0.835
26	108	1	0.966
121	58	1	0.855
12	344	1	0.892
482	197	0	0.0107
497	89	1	0.954
363	404	1	0.933
91	239	1	0.92
254	493	1	0.84
257	300	1	0.894
58	24	1	0.962
390	16	1	0.967
177	244	1	0.802
171	263	1	0.912
39	391	1	0.855
397	346	1	0.97
366	183	1	0.854
60	129	1	0.986
220	146	1	0.977
128	254	1	0.857
276	485	1	0.953
64	294	1	0.971
54	359	1	0.897
81	199	1	0.864
394	372	1	0.988
164	183	1	0.967
15	195	1	0.878
305	332	1	0.838
182	168	0	0.00249
