193	358
0	1	1	1.0
0	2	0	1.0
0	11	0	1.0
1	79	1	1.0
1	103	1	1.0
1	161	1	1.0
1	165	1	1.0
1	8	0	1.0
1	11	0	1.0
1	57	0	1.0
2	6	1	1.0
2	57	1	1.0
2	86	1	1.0
2	87	1	1.0
2	172	1	1.0
2	177	1	1.0
2	178	1	1.0
2	170	0	1.0
3	4	1	1.0
3	7	1	1.0
3	5	0	1.0
4	8	1	1.0
4	5	0	1.0
5	13	1	1.0
5	182	1	1.0
5	8	0	1.0
5	160	0	1.0
6	12	1	1.0
7	89	1	1.0
7	114	1	1.0
7	164	1	1.0
7	172	1	1.0
7	177	1	1.0
7	61	0	1.0
7	165	0	1.0
8	9	1	1.0
8	10	1	1.0
8	14	0	1.0
11	146	1	1.0
12	17	1	1.0
12	18	1	1.0
12	19	1	1.0
13	59	1	1.0
13	125	1	1.0
13	182	1	1.0
14	47	1	1.0
14	51	1	1.0
14	59	1	1.0
14	170	1	1.0
14	15	0	1.0
14	36	0	1.0
14	50	0	1.0
15	28	1	1.0
15	42	1	1.0
15	43	1	1.0
15	86	1	1.0
15	177	1	1.0
16	47	1	1.0
17	18	1	1.0
18	57	1	1.0
20	21	1	1.0
20	22	1	1.0
20	58	1	1.0
20	119	1	1.0
20	120	1	1.0
20	121	1	1.0
20	122	1	1.0
20	123	1	1.0
20	111	0	1.0
21	37	1	1.0
21	100	1	1.0
22	33	1	1.0
22	34	1	1.0
22	37	1	1.0
23	24	1	1.0
23	25	1	1.0
23	26	1	1.0
23	27	1	1.0
23	28	1	1.0
23	29	1	1.0
23	30	1	1.0
23	31	1	1.0
23	32	1	1.0
23	36	1	1.0
23	41	1	1.0
23	37	0	1.0
24	36	1	1.0
24	78	1	1.0
28	108	1	1.0
28	51	0	1.0
29	36	1	1.0
30	108	1	1.0
31	115	1	1.0
32	36	1	1.0
32	42	1	1.0
32	57	1	1.0
32	115	1	1.0
32	154	1	1.0
33	54	1	1.0
33	59	1	1.0
33	100	1	1.0
33	101	1	1.0
33	78	0	1.0
33	89	0	1.0
33	97	0	1.0
33	102	0	1.0
35	79	1	1.0
36	86	1	1.0
36	169	0	1.0
37	38	1	1.0
37	39	1	1.0
37	40	1	1.0
37	41	0	1.0
39	79	1	1.0
39	157	1	1.0
39	182	1	1.0
39	151	0	1.0
40	98	1	1.0
40	100	1	1.0
40	78	0	1.0
42	57	1	1.0
42	62	1	1.0
43	57	1	1.0
43	69	1	1.0
43	110	1	1.0
43	172	1	1.0
43	177	1	1.0
43	51	0	1.0
44	59	1	1.0
44	105	1	1.0
44	123	1	1.0
44	124	1	1.0
44	125	1	1.0
44	126	1	1.0
44	127	1	1.0
44	135	1	1.0
44	155	1	1.0
44	156	1	1.0
44	57	0	1.0
44	116	0	1.0
44	147	0	1.0
45	47	1	1.0
45	49	1	1.0
46	47	1	1.0
47	48	1	1.0
47	49	1	1.0
47	51	1	1.0
47	52	1	1.0
47	54	1	1.0
47	71	1	1.0
47	170	1	1.0
47	53	0	1.0
48	71	1	1.0
51	61	1	1.0
51	79	1	1.0
51	80	1	1.0
51	81	1	1.0
51	103	1	1.0
51	162	1	1.0
55	56	1	1.0
55	59	1	1.0
55	61	1	1.0
55	123	1	1.0
55	182	1	1.0
56	58	1	1.0
56	79	1	1.0
56	103	1	1.0
56	123	1	1.0
57	67	1	1.0
57	78	1	1.0
57	86	1	1.0
57	87	1	1.0
57	108	1	1.0
57	110	1	1.0
57	114	1	1.0
57	115	1	1.0
57	166	1	1.0
57	167	1	1.0
57	123	0	1.0
59	60	1	1.0
59	61	1	1.0
59	79	1	1.0
59	100	1	1.0
59	123	1	1.0
59	125	1	1.0
59	170	1	1.0
59	182	1	1.0
59	160	0	1.0
59	177	0	1.0
61	81	1	1.0
61	162	1	1.0
61	160	0	1.0
62	63	1	1.0
62	86	1	1.0
63	108	1	1.0
64	65	1	1.0
64	66	1	1.0
64	67	1	1.0
64	68	1	1.0
64	86	1	1.0
64	108	1	1.0
65	108	1	1.0
66	108	1	1.0
67	86	1	1.0
67	167	1	1.0
67	162	0	1.0
69	76	1	1.0
69	71	0	1.0
70	100	1	1.0
71	72	1	1.0
71	73	1	1.0
71	74	1	1.0
71	75	1	1.0
72	100	1	1.0
72	123	1	1.0
75	79	1	1.0
75	123	1	1.0
75	160	0	1.0
77	78	1	1.0
77	118	1	1.0
78	83	1	1.0
78	84	1	1.0
78	85	1	1.0
78	91	1	1.0
78	92	1	1.0
78	93	1	1.0
78	94	1	1.0
78	95	1	1.0
78	96	1	1.0
78	97	1	1.0
79	80	1	1.0
79	81	1	1.0
79	82	1	1.0
79	103	1	1.0
79	132	1	1.0
79	143	1	1.0
79	159	1	1.0
79	162	1	1.0
79	163	1	1.0
81	103	1	1.0
81	143	1	1.0
81	157	1	1.0
81	162	1	1.0
83	84	1	1.0
83	86	1	1.0
84	85	1	1.0
86	87	1	1.0
86	88	1	1.0
86	89	1	1.0
86	90	1	1.0
86	91	1	1.0
86	172	1	1.0
86	177	1	1.0
86	175	0	1.0
89	108	1	1.0
89	111	1	1.0
91	177	1	1.0
95	108	1	1.0
98	100	1	1.0
99	170	1	1.0
100	101	1	1.0
100	106	1	1.0
100	123	1	1.0
103	161	1	1.0
103	160	0	1.0
104	172	1	1.0
104	177	1	1.0
107	108	1	1.0
107	109	1	1.0
108	109	1	1.0
108	111	1	1.0
108	113	1	1.0
108	117	1	1.0
108	137	1	1.0
108	146	1	1.0
108	147	1	1.0
108	148	1	1.0
108	149	1	1.0
108	150	1	1.0
108	151	1	1.0
108	152	1	1.0
108	153	1	1.0
108	154	1	1.0
108	123	0	1.0
109	111	1	1.0
109	136	0	1.0
111	115	1	1.0
111	112	0	1.0
111	120	0	1.0
114	115	1	1.0
114	154	1	1.0
116	123	0	1.0
116	130	0	1.0
119	120	1	1.0
119	170	1	1.0
121	160	0	1.0
123	128	1	1.0
123	130	1	1.0
123	131	1	1.0
123	132	1	1.0
123	133	1	1.0
123	134	1	1.0
123	135	1	1.0
123	136	1	1.0
123	138	1	1.0
123	139	1	1.0
123	140	1	1.0
123	141	1	1.0
123	142	1	1.0
123	143	1	1.0
123	144	1	1.0
123	145	1	1.0
123	155	1	1.0
123	156	1	1.0
123	137	0	1.0
125	126	1	1.0
125	173	1	1.0
125	174	1	1.0
125	175	1	1.0
125	182	1	1.0
125	177	0	1.0
128	129	1	1.0
141	182	1	1.0
143	160	0	1.0
146	151	1	1.0
151	157	0	1.0
151	158	0	1.0
157	158	1	1.0
160	168	1	1.0
160	170	0	1.0
163	170	1	1.0
165	170	1	1.0
171	172	1	1.0
172	176	1	1.0
172	177	1	1.0
172	179	1	1.0
172	180	1	1.0
172	181	1	1.0
172	183	1	1.0
172	184	1	1.0
172	182	0	1.0
175	182	1	1.0
175	177	0	1.0
176	177	1	1.0
177	178	1	1.0
177	179	1	1.0
177	183	1	1.0
177	184	1	1.0
177	186	1	1.0
177	187	1	1.0
177	188	1	1.0
177	189	1	1.0
177	190	1	1.0
177	182	0	1.0
182	185	1	1.0
182	191	1	1.0
182	192	1	1.0
182	187	0	1.0
